-1.5667880829010348
-13.149089379653677
-5.73846163803041
2.698030043543935
-2.076467562983402
-5.6417986654248455
2.424751280825653
-0.6632360749691797
7.718549856450106
1.2868945687552091
-5.4718859437471075
5.063834712100745
6.585319102120923
0.900818554833887
4.656129973623404
1.5014914157595602
-4.3024503745741445
0.8983564568239604
-2.824162748451318
0.40221662556514315
0.6985076318847101
3.423241929917584
-8.588651656635001
0.44247976600627703
-8.042489821402537
1.5550248714427273
10.18131491043338
-5.789531163929533
6.28999585143826
10.306139363992019
-0.11694706661672893
5.991779697633822
-4.604116062078126
4.88171470562089
-0.4395829004455889
0.9538783538341633
-11.231441718145073
2.8508227851786963
-4.795158475281161
-2.963701261252396
15.200171464809001
4.192790770304958
2.078119049753926
-1.5963104859389219
7.649199475625811
4.382269927522566
-2.2431783933675646
-7.615378876596466
5.7654201757163825
-4.170146583341365
3.0305491082951685
-0.5906129160168492
0.9996042221774084
-2.6839176381938326
-2.772146719518798
6.330809215892388
9.744823551023375
5.780649278509267
5.396452674755177
-5.779232035318463
2.5601586074677014
1.878482239505847
4.5223746141592525
-3.1502703902303733
-2.885141146130903
4.166238882969942
-0.9735965249893548
4.818981981128836
0.6657903811053132
-2.334105168127863
5.897040852892712
7.585021344715557
7.6618837313094215
-0.08607671458367006
2.954255842278556
-2.6353311984831342
0.4643110804870595
5.076838274315671
3.0944497880746917
-6.469968027104211
0.6420895834971532
0.07346903554411177
5.429177018157579
1.4584326401598757
0.17696070575029543
-4.177265033355068
2.3174848390508203
-1.6051119420622353
0.5229570656901014
-3.815732702371381
8.972646305051672
1.6438274226995966
1.5653242740830853
-3.370363203282932
-1.1130256449592597
-2.9903387035524713
0.6368735000456598
-2.3836345876173644
4.217444594049852
3.04366078010268
-2.081977284271222
-6.20950265808732
5.497633841591982
9.322073715129152
1.953194174725328
3.78849108448213
1.3535208193374089
4.179120378357387
-0.4158310478705842
16.75794246226568
2.0525327466083083
-3.6412904943792004
-1.4380241701799097
-3.7430540835564177
6.028507033535405
1.0402268371516412
-0.9543170600095208
8.972649346972876
-3.0442502052905374
-3.2214158333215943
6.42064827451095
0.7444248106601562
3.024964579236765
-6.461123744795151
10.771532572536461
2.3583451882774464
7.7001246881437755
5.5980343419777
-4.462564899933273
1.3695799382843608
-2.1032579506493323
-7.721254903570175
-4.75797875683861
-0.6911279257878462
-4.14006666625463
-0.7010190464921595
5.644541804484639
-6.043701666884488
-4.415956249329792
-6.26037456363597
0.42265356816549116
-1.5183671953430489
2.0629382817635795
4.576713303262023
0.8470770609464082
0.3400818787687703
4.507340437608434
-3.2469394621970933
11.43958138693216
3.53017392444813
6.909925076069358
-0.09840395639128996
0.38526823342601724
-3.144424581625854
8.678537344025766
-3.605367065520448
-6.656485178635959
1.7949513351103197
-1.4113722349685842
-4.851548774991338
-2.4022120309080144
-7.824851614321867
-5.175732266791916
-0.3885732094150587
6.166145393622016
0.33567509189556244
0.1712695912819402
5.279611367283974
4.2493114340821405
0.3658616619719103
-6.594540985824697
-7.889444285495259
-3.1234869247809405
3.223233224407764
5.922120620831161
-8.8879896431663
-0.5082114935834556
7.922200465674123
5.147432997974629
6.005906267240795
-1.2279102481574764
0.7557052805471518
5.559134736954701
0.7903808738415882
10.048907326965072
-0.4673277711675241
7.041435530849629
-4.153708600471568
1.6764315890664876
-1.9732131651523286
-1.0451898892615916
-3.1909559125981275
4.042575858445964
-2.7491373424305694
6.773896590441265
-4.8127992049019195
7.412532598668037
2.0839289240880605
1.7814302179479946
2.553359163293568
-2.7539140177264576
3.154171019533876
-1.9882591359694044
10.660469339246529
-3.332747352751655
-3.214831240752024
8.695867240240002
-0.7131174025527085
3.4644627047579153
5.949768483105616
1.6651537056313788
-4.592227414999188
2.036196034859295
-8.171360403256957
2.834540456505507
2.5788166247190216
1.4516084521810888
-3.3584467752790097
-1.378165664090992
1.2226619349775174
8.871757902399626
-4.640640969548007
7.787053394859481
-3.4039128959156333
3.4354989213436573
-5.28636096902474
9.952375973536073
1.510478175735372
5.174506796273931
3.9612991569573466
-8.017649333643801
2.388648360372982
4.978904474238741
-9.296532379006617
-2.0727462615188603
-2.1464330873893136
-5.883681716868285
-14.392917617230461
-0.3645715104929588
-0.6949205946679622
1.3368937823016411
-9.376145628803283
4.000901464953261
1.4357206496459405
-0.7303862957662242
-2.520443410167368
5.277375922671852
-11.777044973427795
7.180862613162695
0.7102947936046131
7.06200263520099
-7.474680956999116
-5.046546783401574
-4.863568371428637
-6.112262915093181
4.063547754822846
4.4168160151455975
-0.5516012718224377
-0.4923182807930855
-11.799441912018537
-3.7874955703253246
6.156436403748281
1.2058029200354348
-3.0909348370273078
1.1126760303211976
8.387063925032502
-9.435769927675953
-0.3508171068769472
2.2834233065034106
-3.4466193861438033
5.975970408890337
2.913835090302615
-5.241510377568462
7.066012438237517
-1.8468794120302174
3.332636044336762
-1.2300939532771618
-3.5278962727230248
2.438828691680361
-0.7138863827662252
12.3085213488613
1.0859313280114955
2.005504874037674
3.225873992803528
2.0125416614262686
-5.938383309307355
0.00762486948033414
-2.4954354655364757
-7.1053480201392745
12.275318107264575
3.9834840968266145
-7.100586788107705
3.1151872296059695
7.086372155127303
7.24389183494208
5.768030891799107
6.112385859151452
3.4659407332950747
-3.1235031149216512
11.018518897122004
-0.03591269634695382
7.893596152934254
-7.749204669422525
4.8980984756437245
1.5607966906245065
-5.227262899021737
-1.0158123115097872
1.1043993840371233
0.7346786979669664
0.9410064150602694
0.4942681116861103
1.4074101609721477
-0.027636859606778197
-4.213528215854413
6.457471485410185
1.1856382952594666
1.2835144117428166
0.03562108550830434
-2.8503108014602487
6.835053241605107
-1.2486478923710758
-6.3464828166570975
-0.07800967362005107
-0.0383778437989486
-0.3147113932998842
0.8726649888376322
6.029633321923179
2.7255387671244584
-0.2981870036789398
-3.6263592500921833
-13.771009713315426
5.056907141880996
-5.896201079378058
-4.385206683242773
-6.507835436801969
2.771659304476352
-1.8413347525278052
0.9583057047792067
-4.475038433108584
-4.320873988551558
-2.5400932080474217
2.5809293905981523
1.9047553515747628
2.869133396748678
0.8193620328064974
4.22283622864527
-2.889234631615044
7.336730245932899
-2.8142848119245762
4.407555918607176
-2.9461025084365615
5.246618960902284
-2.005082424414364
10.565882394956054
-1.8705136763559667
0.732384929044892
-15.187216987945803
0.85798420959759
4.299516011129461
5.461588758541208
-2.584224855873229
-4.916542213250007
3.0339008530240186
-0.08852970479623723
-7.066124653058042
-7.157107803451192
3.8353234459238683
-5.221325342540557
-7.20140728610234
2.68018855007641
-5.423433516163589
-2.932099389916655
6.656773062117057
-3.4189848929465727
6.8592918351186905
-6.334307912406186
-2.4172946812604996
-0.8480068327805188
-0.5026995318044332
-11.609511473202701
-1.9283085212534488
3.9598759650742656
5.777221516511704
1.2773065285266219
6.171106558903956
5.815766873831543
-1.812255260695701
5.112057174935413
-3.4439234709175075
2.8715291226532886
-5.8940314923679
7.032536216432039
-0.8334965309969566
2.8299653420506177
-3.3485422060844625
9.525992667603926
1.8899729095743236
-10.672526159771447
0.6924619143456553
-3.783036042940771
2.5498701812902143
5.406939625395098
-3.1993106159589217
8.833034118472067
-3.1622940653686022
2.447002380697132
1.7841722641423106
-2.1181084079481747
-16.841895263179705
0.05862620474592517
3.021466640880586
1.352293868441111
-5.869796851649923
-0.3544451403691675
-5.001366637214302
1.947220011591201
10.126267279930044
-0.16536820399000218
-8.418088895363162
6.383661699288609
3.195609960047028
-0.2319197918436211
-1.3991328407922055
-4.487849699858261
5.408334460030622
-0.28981345084911436
-7.768306182270532
0.11072553641090832
6.01873887122937
4.775373637947772
2.6854038011791066
6.777265279455028
-6.944675502008519
-4.784084120136519
4.383363484030306
0.297867219984564
3.569278266496683
5.340553566920718
9.55971995263916
-0.7403174700142467
-4.757860042113619
-2.3926073794262113
1.628247160308984
-2.0831242895990876
1.1513379699997874
-7.316072125505048
0.7683425585301786
3.1216646085281115
6.012091185140319
-1.9725133349659165
7.415580973564272
2.3404783802421667
3.161486023548221
-3.146868621071051
1.2262863208593546
-0.7590500809573584
8.596708261347656
1.115169381510715
-6.797159447193497
-0.6676314600575481
-0.1961288101769436
-3.4970137414648725
-0.22877029170963326
-5.908864742773436
-1.2716012720841348
3.8912623538925732
6.4004236883576615
10.680349271617978
-11.74273973563953
-7.281370079841382
1.047043832099851
4.607357058615181
14.408671052768476
-1.0254125842200819
4.853192888410719
6.975509731953601
10.476625331070904
8.913213518192585
3.4814036695581083
-3.0098764078712215
3.9305758036551595
-0.11574655310914617
-1.9501726318943349
-1.7895074710767265
2.4846345355912014
-2.1265707479216998
-4.191616455215203
-2.7295861363334892
6.341984215975843
-0.9953398754947902
5.650987814569375
-0.16673328272843868
5.287447112018717
2.489371894632757
-3.110965809270584
2.6987565382917293
6.418203245803631
3.1406322905153377
4.284359562894883
-0.700997242328516
-6.370986271298347
0.7024503938087607
-7.267275274884057
1.1337617591002913
-1.3051738559025416
5.293839016743723
4.443565244196244
-0.9854427505886325
7.210118038841155
-6.988753937014776
1.7135206613911007
-2.7044243924127898
-0.8581356758054726
-5.383677508168473
9.946425157501231
5.405644848172157
-2.2727571647904274
-11.472722094865475
0.6770137426249029
6.892216066304096
-3.310317904596751
-4.136815200871547
8.923106934462092
-0.7310086048172417
3.74227930045577
2.3049206275741403
-1.611206014681271
0.2625604400477667
2.0969421164025794
5.070686152365031
0.14589573675870915
3.5776488233056827
-0.34753775198129366
5.3585233517698905
3.429893570600799
-0.7993738860511432
3.1758321833170173
-1.157181622375254
-3.036611652111148
-4.144016152772249
1.077591306336892
5.960292575039762
-1.3427154115983346
-3.965116796956398
6.136432991419671
3.316691126023767
-0.269079118067713
1.1692426590807872
6.800554679195944
4.423838807684321
6.549405387263371
-4.699237205491064
1.2536827897125704
1.053051385671894
3.467733007973973
-1.097637429943381
4.43243355809709
4.794306577861406
5.4348175458021535
7.404840600540825
3.9706820674061536
-1.0205353221022855
-0.029063347161105924
4.4164034529576455
0.7812010876952115
0.03208907026844621
1.8065824359601466
4.616886261807826
-0.18230197902251066
4.099357029985168
-6.349181999870971
-1.535351406408008
1.6950859152023936
-2.740341279271296
5.361745247131223
3.5692597971365565
-0.6868290200301093
-1.3409181993763264
-6.383372537138215
-1.153022905766786
-8.155296348715591
6.334082203904865
-2.4858970361140833
-7.118734454131076
3.4173240355991332
3.468860725489694
-4.135489707227584
1.3922160941383261
-2.2715012713147185
-2.8748267954594318
-1.804055074489591
7.279549277189515
1.5168139473878515
-1.3012163574178128
2.241840035128037
1.9856400162467138
-6.866896016103549
-4.3291433731378755
5.508591162142286
5.645185044914109
-2.139090946680374
-0.3859940397817838
0.744310171563618
-1.8784606729679156
0.5954624351163389
-0.9190182646974767
15.708164504482859
-7.053889342473845
-2.4230916927870854
1.1455414058408282
-6.058488039087223
-3.5310776046904238
-0.7083564674178793
7.8481112619044895
-2.6158371054485103
2.7049786873566397
-2.9863546349434413
-10.601030594925765
5.784686777224753
6.630684242030374
6.3231883386768395
3.6803269751704866
-7.812077715190259
-3.115578777301473
-8.717518684435541
4.6333455133908945
9.628551265312149
0.3221889464947658
-2.4124072407078017
0.7640491217524252
-0.9187447221130374
4.595349226020658
-6.261866434531303
-4.0274207442327405
-1.794742702844994
-7.809503448404572
-1.553738874654941
2.8755627539887967
2.7065858006991848
-1.2824136291411476
-6.285950882947115
3.9260825883682533
-6.228978112220215
3.622506435642498
5.131898677678353
11.314091842599783
0.9245086146109991
6.3117963312614105
-2.6638092027131437
3.8958173636414553
5.023143152817034
7.619595970783767
-11.846411242107138
-3.3851050174765236
3.2914454428972264
3.658777365417922
-2.2135585863787224
-1.850825496307177
-4.1357079575078615
2.7771441455792667
-1.540613644319932
4.063442544928952
-0.6389450589706702
6.31369012378557
-0.4273105980412528
13.512892090312038
2.710002165926408
7.571298199853791
3.3343163524376287
10.159016672249452
6.959545602234079
5.393625400418031
2.551493540313129
3.5232743548563414
-1.0231844395168341
-4.734075257221045
6.813268074817567
-4.362806548641942
-0.36181316522619333
-6.965973210927443
2.997713287601761
-9.998589257113007
-2.121367037174794
-10.33646220609105
9.851757628243838
4.424538266371879
2.3037589213380976
2.103052583434268
-2.5202894166709657
-7.364021280026881
-3.6716585500539995
-1.3211532105202086
-8.948778411880227
2.6655493470165883
-3.6421277076638505
-3.7453449991648107
-0.4379558088645028
-1.697737511565287
-3.58559472955361
6.872166858318825
-0.22324540807894255
1.2571462559002788
7.214407757934356
-6.984253069142162
2.2747233309128934
-1.7157295507081471
1.7179697720055551
6.790354783698987
-7.267765655363654
0.22938229222318884
-4.385757662495971
-4.841443601006783
-2.427510671581811
5.9499732667606935
1.9901241655886968
-4.565029698437115
-2.5358049538402896
8.131053474105837
-2.7578175231742335
-3.8424665927630697
-3.4351224190992786
-1.9014713103749514
0.10652863475572993
2.7558537289053353
3.067009195947992
2.375678270300457
7.386784862865321
-1.9867562003451371
2.17287032131264
2.3505556513656525
0.8076089571377356
-6.315741155245064
-0.5496236701899138
-3.7027596883190013
4.419459459177078
-2.7447283594882483
4.525518142040889
3.395627382163358
6.112577636719769
9.260898826176565
6.845495087641904
-7.808278030132403
4.281848648812652
3.665102926850942
-3.037592759911722
5.621041528064194
-6.125737827710495
-4.393042918695937
-3.6693977173157357
-1.9401294814934027
8.36953810052979
-2.480630370701188
3.502148959019497
4.789032726733403
2.1269864683094264
-2.867912904023534
1.2836675103370594
5.563066770436676
8.620451415862515
0.450753312432038
0.9959502631006505
0.16605013200057217
-6.702207939110465
-5.398079791746987
-5.883714658196669
0.08737080994377766
1.0502651146507302
-7.206157456520639
5.909113133388359
3.895154540486127
6.117873013063546
2.994701746922104
-4.359756118618969
4.382706274725967
3.3095557839967835
5.412025162800923
6.184415977929751
2.375851047986636
0.02798734444723472
0.6573393194146055
3.0716621734673426
1.7467376757824962
5.2202053333755565
-3.4223590953791323
0.9127353585688652
4.408022546080096
12.70964758846157
6.736609661874974
0.2738729388787571
5.25712435452278
9.182848420774848
-3.4395884961612992
-2.85847207841124
4.946429979842245
-6.233484187008237
4.249259326818114
-4.597299688490827
1.5953207458395866
2.6942496307701633
-5.8650703498020995
3.17491888226303
1.8821738546681543
3.4357603706715487
0.4841609308461613
-2.538055372959307
-3.376716980251693
1.570092071254301
4.372211229369975
-7.553880664452411
0.867308171090754
9.549352891638994
0.5151738511882342
0.8761418784798337
-1.9452122454886602
14.987753851391258
-0.19524552597939548
-1.881994795085769
-4.725193121584878
-9.41353679507877
4.798144281058831
3.642805382835412
0.9536491759043043
4.336759163582107
-1.6121489902551471
-1.2651479396495766
-3.492693526471621
4.794964853921637
4.349948187353071
-4.6328999898538346
-5.895752620887357
-0.9740764070513754
2.0762258094862824
-0.27390756425876717
-1.5402142992341075
-2.0353155388565316
2.3548706089639597
7.108705895643087
-2.55749195041475
-4.474437627154188
-2.6645261089450254
-2.1731356597839415
3.2255144976649643
-5.992379346983826
1.316273868175515
-0.8624089242931592
-3.841909161389971
-3.6480994242695726
7.5410015918882705
-1.4630073770563223
0.15836527163477732
-8.1155211479199
-2.2541537809660075
-1.9968554583253537
1.891308730439675
-0.6270681677462637
0.6512281403791855
6.911198852179243
4.740719748404495
2.05203985148925
9.18181583208765
11.52072261073058
-5.421849261356521
5.435500556905393
-1.7443681704073648
2.909443734517762
4.713145566036317
-0.7889717684852326
0.48906396640836824
5.141097385219883
-1.499496366206686
-3.2474986706456184
2.912309241224631
-1.2718777554877585
-5.489030825334887
-2.168584737418903
-3.2088463048986817
3.8887587565800574
-0.8117467281218933
2.31116446707787
-6.3382207702405395
2.7263801828071625
0.5248415286094498
0.2819696808918919
-5.1116261557437666
2.410420689653154
-13.503055545528616
5.1463975099122
10.853081960064511
3.741634801283287
-3.775342614250599
-3.6996863326630915
-4.823027463330308
1.518291572122639
6.3734069542361915
3.7793762936635105
-3.7739329619597717
1.950454261459185
-1.8405223887760558
7.055219917446947
7.300903514251882
-5.114836337615434
-3.1706344675103155
-0.3677357475873977
4.475655594019669
-6.090470049432116
7.598495886785343
1.0190214644547566
4.258164716325067
-0.745098356913066
3.55143517169915
2.234715161618844
4.0502959139097205
5.265577643812806
-1.8367316791802537
3.185315464164993
-4.382870277774882
-3.579404574525002
3.9632628519461006
-2.280895400703832
-8.574922911674019
-4.227611211649218
12.293987507797045
1.6671027756080719
-2.692686832991756
7.917865829082941
3.186577299606232
-1.9310474848184018
-6.766730200959438
8.743845574545693
-0.02491455532651976
2.7562314275230606
1.9902899201231692
-1.7406893281358808
0.4795549238109732
-0.7205716749417941
3.475742220983759
-3.4338976363953915
-3.8328916644024
2.726730117075251
4.497975554924269
-3.3771854666692036
-3.413259916961735
4.0075635225631085
-0.14197262349841622
-7.523015083962708
9.459122391295281
-6.6621914318169715
-2.3937388090807263
4.871312583702368
7.319713950096445
0.2676517205664387
1.084286090120436
-7.703334698236173
-0.10323665973753893
2.165609346893552
1.413467290651838
5.887113498246626
-5.144779935491576
9.348289949069489
10.57672191491616
5.611584325446891
5.62749895704257
1.7168826838751938
1.0798491511056456
2.8766568129574734
-0.9294981642124944
-6.479626481072921
-3.039902380599499
-0.35762726064197947
0.49140514631921006
5.287493251653823
-6.318340929692625
3.0028733011909186
6.972382900842823
4.963349547256349
-0.4361830845652779
-4.2838767857620255
-3.041502191883641
6.990442605264862
-6.879460987765478
3.5958587856521436
-1.2139517852946984
5.180661352827328
3.0768443020661174
-4.792056440709316
-7.507975826140406
-4.405432931245234
-3.4280572738257025
-5.044506301704812
2.0027415773693558
-1.048259696293579
-2.5918177786723318
7.3261180447768925
-5.131560144824277
-2.4597207509371963
-3.8543355234761716
-0.4656794410466327
5.44429627067667
4.931599044845936
-0.6634372433207041
