0.00762486948033414
-0.02491455532651976
-0.027636859606778197
0.02798734444723472
-0.029063347161105924
0.03208907026844621
0.03562108550830434
-0.03591269634695382
-0.0383778437989486
0.05862620474592517
0.07346903554411177
-0.07800967362005107
-0.08607671458367006
0.08737080994377766
-0.08852970479623723
-0.09840395639128996
-0.10323665973753893
0.10652863475572993
0.11072553641090832
-0.11574655310914617
-0.11694706661672893
-0.14197262349841622
0.14589573675870915
0.15836527163477732
-0.16536820399000218
0.16605013200057217
-0.16673328272843868
0.1712695912819402
0.17696070575029543
-0.18230197902251066
-0.19524552597939548
-0.1961288101769436
-0.22324540807894255
-0.22877029170963326
0.22938229222318884
-0.2319197918436211
0.2625604400477667
0.2676517205664387
-0.269079118067713
0.2738729388787571
-0.27390756425876717
0.2819696808918919
-0.28981345084911436
0.297867219984564
-0.2981870036789398
-0.3147113932998842
0.3221889464947658
0.33567509189556244
0.3400818787687703
-0.34753775198129366
-0.3508171068769472
-0.3544451403691675
-0.35762726064197947
-0.36181316522619333
-0.3645715104929588
0.3658616619719103
-0.3677357475873977
0.38526823342601724
-0.3859940397817838
-0.3885732094150587
0.40221662556514315
-0.4158310478705842
0.42265356816549116
-0.4273105980412528
-0.4361830845652779
-0.4379558088645028
-0.4395829004455889
0.44247976600627703
0.450753312432038
0.4643110804870595
-0.4656794410466327
-0.4673277711675241
0.4795549238109732
0.4841609308461613
0.48906396640836824
0.49140514631921006
-0.4923182807930855
0.4942681116861103
-0.5026995318044332
-0.5082114935834556
0.5151738511882342
0.5229570656901014
0.5248415286094498
-0.5496236701899138
-0.5516012718224377
-0.5906129160168492
0.5954624351163389
-0.6270681677462637
0.6368735000456598
-0.6389450589706702
0.6420895834971532
0.6512281403791855
0.6573393194146055
-0.6632360749691797
-0.6634372433207041
0.6657903811053132
-0.6676314600575481
0.6770137426249029
-0.6868290200301093
-0.6911279257878462
0.6924619143456553
-0.6949205946679622
0.6985076318847101
-0.700997242328516
-0.7010190464921595
0.7024503938087607
-0.7083564674178793
0.7102947936046131
-0.7131174025527085
-0.7138863827662252
-0.7205716749417941
-0.7303862957662242
-0.7310086048172417
0.732384929044892
0.7346786979669664
-0.7403174700142467
0.744310171563618
0.7444248106601562
-0.745098356913066
0.7557052805471518
-0.7590500809573584
0.7640491217524252
0.7683425585301786
0.7812010876952115
-0.7889717684852326
0.7903808738415882
-0.7993738860511432
0.8076089571377356
-0.8117467281218933
0.8193620328064974
-0.8334965309969566
0.8470770609464082
-0.8480068327805188
0.85798420959759
-0.8581356758054726
-0.8624089242931592
0.867308171090754
0.8726649888376322
0.8761418784798337
0.8983564568239604
0.900818554833887
0.9127353585688652
-0.9187447221130374
-0.9190182646974767
0.9245086146109991
-0.9294981642124944
0.9410064150602694
0.9536491759043043
0.9538783538341633
-0.9543170600095208
0.9583057047792067
-0.9735965249893548
-0.9740764070513754
-0.9854427505886325
-0.9953398754947902
0.9959502631006505
0.9996042221774084
10.048907326965072
10.126267279930044
-1.0158123115097872
10.159016672249452
10.18131491043338
1.0190214644547566
-1.0205353221022855
-1.0231844395168341
-1.0254125842200819
10.306139363992019
-10.33646220609105
1.0402268371516412
-1.0451898892615916
1.047043832099851
10.476625331070904
-1.048259696293579
1.0502651146507302
1.053051385671894
10.565882394956054
10.57672191491616
-10.601030594925765
10.660469339246529
-10.672526159771447
10.680349271617978
10.771532572536461
1.077591306336892
1.0798491511056456
1.084286090120436
10.853081960064511
1.0859313280114955
-1.097637429943381
11.018518897122004
1.1043993840371233
1.1126760303211976
-1.1130256449592597
1.115169381510715
-11.231441718145073
11.314091842599783
1.1337617591002913
11.43958138693216
1.1455414058408282
-11.472722094865475
1.1513379699997874
11.52072261073058
-1.153022905766786
-1.157181622375254
-11.609511473202701
1.1692426590807872
-11.74273973563953
-11.777044973427795
-11.799441912018537
-11.846411242107138
1.1856382952594666
1.2058029200354348
-1.2139517852946984
1.2226619349775174
1.2262863208593546
12.275318107264575
-1.2279102481574764
12.293987507797045
-1.2300939532771618
12.3085213488613
-1.2486478923710758
1.2536827897125704
1.2571462559002788
-1.2651479396495766
12.70964758846157
-1.2716012720841348
-1.2718777554877585
1.2773065285266219
-1.2824136291411476
1.2835144117428166
1.2836675103370594
1.2868945687552091
-1.3012163574178128
-1.3051738559025416
-13.149089379653677
1.316273868175515
-1.3211532105202086
1.3368937823016411
-1.3409181993763264
-1.3427154115983346
-13.503055545528616
13.512892090312038
1.352293868441111
1.3535208193374089
1.3695799382843608
-13.771009713315426
-1.378165664090992
1.3922160941383261
-1.3991328407922055
1.4074101609721477
-1.4113722349685842
1.413467290651838
1.4357206496459405
-1.4380241701799097
-14.392917617230461
14.408671052768476
1.4516084521810888
1.4584326401598757
-1.4630073770563223
14.987753851391258
-1.499496366206686
1.5014914157595602
1.510478175735372
1.5168139473878515
1.518291572122639
-1.5183671953430489
-15.187216987945803
15.200171464809001
-1.535351406408008
-1.5402142992341075
-1.540613644319932
-1.553738874654941
1.5550248714427273
1.5607966906245065
1.5653242740830853
-1.5667880829010348
1.570092071254301
15.708164504482859
1.5953207458395866
-1.5963104859389219
-1.6051119420622353
-1.611206014681271
-1.6121489902551471
1.628247160308984
1.6438274226995966
1.6651537056313788
1.6671027756080719
16.75794246226568
1.6764315890664876
-16.841895263179705
1.6950859152023936
-1.697737511565287
1.7135206613911007
-1.7157295507081471
1.7168826838751938
1.7179697720055551
-1.7406893281358808
-1.7443681704073648
1.7467376757824962
1.7814302179479946
1.7841722641423106
-1.7895074710767265
-1.794742702844994
1.7949513351103197
-1.804055074489591
1.8065824359601466
-1.812255260695701
-1.8367316791802537
-1.8405223887760558
-1.8413347525278052
-1.8468794120302174
-1.850825496307177
-1.8705136763559667
-1.8784606729679156
1.878482239505847
-1.881994795085769
1.8821738546681543
1.8899729095743236
1.891308730439675
-1.9014713103749514
1.9047553515747628
-1.9283085212534488
-1.9310474848184018
-1.9401294814934027
-1.9452122454886602
1.947220011591201
-1.9501726318943349
1.950454261459185
1.953194174725328
-1.9725133349659165
-1.9732131651523286
1.9856400162467138
-1.9867562003451371
-1.9882591359694044
1.9901241655886968
1.9902899201231692
-1.9968554583253537
2.0027415773693558
-2.005082424414364
2.005504874037674
2.0125416614262686
-2.0353155388565316
2.036196034859295
2.05203985148925
2.0525327466083083
2.0629382817635795
-2.0727462615188603
2.0762258094862824
-2.076467562983402
2.078119049753926
-2.081977284271222
-2.0831242895990876
2.0839289240880605
2.0969421164025794
2.103052583434268
-2.1032579506493323
-2.1181084079481747
-2.121367037174794
-2.1265707479216998
2.1269864683094264
-2.139090946680374
-2.1464330873893136
2.165609346893552
-2.168584737418903
2.17287032131264
-2.1731356597839415
-2.2135585863787224
2.234715161618844
2.241840035128037
-2.2431783933675646
-2.2541537809660075
-2.2715012713147185
-2.2727571647904274
2.2747233309128934
-2.280895400703832
2.2834233065034106
2.3037589213380976
2.3049206275741403
2.31116446707787
2.3174848390508203
-2.334105168127863
2.3404783802421667
2.3505556513656525
2.3548706089639597
2.3583451882774464
2.375678270300457
2.375851047986636
-2.3836345876173644
2.388648360372982
-2.3926073794262113
-2.3937388090807263
-2.4022120309080144
2.410420689653154
-2.4124072407078017
-2.4172946812604996
-2.4230916927870854
2.424751280825653
-2.427510671581811
2.438828691680361
2.447002380697132
-2.4597207509371963
-2.480630370701188
2.4846345355912014
-2.4858970361140833
2.489371894632757
-2.4954354655364757
-2.5202894166709657
-2.520443410167368
-2.5358049538402896
-2.538055372959307
-2.5400932080474217
2.5498701812902143
2.551493540313129
2.553359163293568
-2.55749195041475
2.5601586074677014
2.5788166247190216
2.5809293905981523
-2.584224855873229
-2.5918177786723318
-2.6158371054485103
-2.6353311984831342
-2.6638092027131437
-2.6645261089450254
2.6655493470165883
2.68018855007641
-2.6839176381938326
2.6854038011791066
-2.692686832991756
2.6942496307701633
2.698030043543935
2.6987565382917293
-2.7044243924127898
2.7049786873566397
2.7065858006991848
2.710002165926408
2.7255387671244584
2.7263801828071625
2.726730117075251
-2.7295861363334892
-2.740341279271296
-2.7447283594882483
-2.7491373424305694
-2.7539140177264576
2.7558537289053353
2.7562314275230606
-2.7578175231742335
2.771659304476352
-2.772146719518798
2.7771441455792667
-2.8142848119245762
-2.824162748451318
2.8299653420506177
2.834540456505507
-2.8503108014602487
2.8508227851786963
-2.85847207841124
-2.867912904023534
2.869133396748678
2.8715291226532886
-2.8748267954594318
2.8755627539887967
2.8766568129574734
-2.885141146130903
-2.889234631615044
2.909443734517762
2.912309241224631
2.913835090302615
-2.932099389916655
-2.9461025084365615
2.954255842278556
-2.963701261252396
-2.9863546349434413
-2.9903387035524713
2.994701746922104
2.997713287601761
3.0028733011909186
-3.0098764078712215
3.021466640880586
3.024964579236765
3.0305491082951685
3.0339008530240186
-3.036611652111148
-3.037592759911722
-3.039902380599499
-3.041502191883641
3.04366078010268
-3.0442502052905374
3.067009195947992
3.0716621734673426
3.0768443020661174
-3.0909348370273078
3.0944497880746917
-3.110965809270584
3.1151872296059695
-3.115578777301473
3.1216646085281115
-3.1234869247809405
-3.1235031149216512
3.1406322905153377
-3.144424581625854
-3.146868621071051
-3.1502703902303733
3.154171019533876
3.161486023548221
-3.1622940653686022
-3.1706344675103155
3.17491888226303
3.1758321833170173
3.185315464164993
3.186577299606232
-3.1909559125981275
3.195609960047028
-3.1993106159589217
-3.2088463048986817
-3.214831240752024
-3.2214158333215943
3.223233224407764
3.2255144976649643
3.225873992803528
-3.2469394621970933
-3.2474986706456184
3.2914454428972264
3.3095557839967835
-3.310317904596751
3.316691126023767
3.332636044336762
-3.332747352751655
3.3343163524376287
-3.3485422060844625
-3.3584467752790097
-3.370363203282932
-3.376716980251693
-3.3771854666692036
-3.3851050174765236
3.395627382163358
-3.4039128959156333
-3.413259916961735
3.4173240355991332
-3.4189848929465727
-3.4223590953791323
3.423241929917584
-3.4280572738257025
3.429893570600799
-3.4338976363953915
-3.4351224190992786
3.4354989213436573
3.4357603706715487
-3.4395884961612992
-3.4439234709175075
-3.4466193861438033
3.4644627047579153
3.4659407332950747
3.467733007973973
3.468860725489694
3.475742220983759
3.4814036695581083
-3.492693526471621
-3.4970137414648725
3.502148959019497
3.5232743548563414
-3.5278962727230248
3.53017392444813
-3.5310776046904238
3.55143517169915
3.5692597971365565
3.569278266496683
3.5776488233056827
-3.579404574525002
-3.58559472955361
3.5958587856521436
-3.605367065520448
3.622506435642498
-3.6263592500921833
-3.6412904943792004
-3.6421277076638505
3.642805382835412
-3.6480994242695726
3.658777365417922
3.665102926850942
-3.6693977173157357
-3.6716585500539995
3.6803269751704866
-3.6996863326630915
-3.7027596883190013
3.741634801283287
3.74227930045577
-3.7430540835564177
-3.7453449991648107
-3.7739329619597717
-3.775342614250599
3.7793762936635105
-3.783036042940771
-3.7874955703253246
3.78849108448213
-3.815732702371381
-3.8328916644024
3.8353234459238683
-3.841909161389971
-3.8424665927630697
-3.8543355234761716
3.8887587565800574
3.8912623538925732
3.895154540486127
3.8958173636414553
3.9260825883682533
3.9305758036551595
3.9598759650742656
3.9612991569573466
3.9632628519461006
-3.965116796956398
3.9706820674061536
3.9834840968266145
4.000901464953261
4.0075635225631085
-4.0274207442327405
4.042575858445964
4.0502959139097205
4.063442544928952
4.063547754822846
4.099357029985168
-4.135489707227584
-4.1357079575078615
-4.136815200871547
-4.14006666625463
-4.144016152772249
-4.153708600471568
4.166238882969942
-4.170146583341365
-4.177265033355068
4.179120378357387
-4.191616455215203
4.192790770304958
-4.213528215854413
4.217444594049852
4.22283622864527
-4.227611211649218
4.249259326818114
4.2493114340821405
4.258164716325067
4.281848648812652
-4.2838767857620255
4.284359562894883
4.299516011129461
-4.3024503745741445
-4.320873988551558
-4.3291433731378755
4.336759163582107
4.349948187353071
-4.359756118618969
-4.362806548641942
4.372211229369975
4.382269927522566
4.382706274725967
-4.382870277774882
4.383363484030306
-4.385206683242773
-4.385757662495971
-4.393042918695937
-4.405432931245234
4.407555918607176
4.408022546080096
-4.415956249329792
4.4164034529576455
4.4168160151455975
4.419459459177078
4.423838807684321
4.424538266371879
4.43243355809709
4.443565244196244
-4.462564899933273
-4.474437627154188
-4.475038433108584
4.475655594019669
-4.487849699858261
4.497975554924269
4.507340437608434
4.5223746141592525
4.525518142040889
-4.565029698437115
4.576713303262023
-4.592227414999188
4.595349226020658
-4.597299688490827
-4.604116062078126
4.607357058615181
4.616886261807826
-4.6328999898538346
4.6333455133908945
-4.640640969548007
4.656129973623404
-4.699237205491064
4.713145566036317
-4.725193121584878
-4.734075257221045
4.740719748404495
-4.757860042113619
-4.75797875683861
4.775373637947772
-4.784084120136519
4.789032726733403
-4.792056440709316
4.794306577861406
4.794964853921637
-4.795158475281161
4.798144281058831
-4.8127992049019195
4.818981981128836
-4.823027463330308
-4.841443601006783
-4.851548774991338
4.853192888410719
-4.863568371428637
4.871312583702368
4.88171470562089
4.8980984756437245
-4.916542213250007
4.931599044845936
4.946429979842245
4.963349547256349
4.978904474238741
-5.001366637214302
5.023143152817034
-5.044506301704812
-5.046546783401574
5.056907141880996
5.063834712100745
5.070686152365031
5.076838274315671
-5.1116261557437666
5.112057174935413
-5.114836337615434
-5.131560144824277
5.131898677678353
5.141097385219883
-5.144779935491576
5.1463975099122
5.147432997974629
5.174506796273931
-5.175732266791916
5.180661352827328
5.2202053333755565
-5.221325342540557
-5.227262899021737
-5.241510377568462
5.246618960902284
5.25712435452278
5.265577643812806
5.277375922671852
5.279611367283974
-5.28636096902474
5.287447112018717
5.287493251653823
5.293839016743723
5.340553566920718
5.3585233517698905
5.361745247131223
-5.383677508168473
5.393625400418031
5.396452674755177
-5.398079791746987
5.405644848172157
5.406939625395098
5.408334460030622
5.412025162800923
-5.421849261356521
-5.423433516163589
5.429177018157579
5.4348175458021535
5.435500556905393
5.44429627067667
5.461588758541208
-5.4718859437471075
-5.489030825334887
5.497633841591982
5.508591162142286
5.559134736954701
5.563066770436676
5.5980343419777
5.611584325446891
5.621041528064194
5.62749895704257
-5.6417986654248455
5.644541804484639
5.645185044914109
5.650987814569375
-5.73846163803041
5.7654201757163825
5.768030891799107
5.777221516511704
-5.779232035318463
5.780649278509267
5.784686777224753
-5.789531163929533
5.815766873831543
-5.8650703498020995
-5.869796851649923
-5.883681716868285
-5.883714658196669
5.887113498246626
-5.8940314923679
-5.895752620887357
-5.896201079378058
5.897040852892712
-5.908864742773436
5.909113133388359
5.922120620831161
-5.938383309307355
5.949768483105616
5.9499732667606935
5.960292575039762
5.975970408890337
5.991779697633822
-5.992379346983826
6.005906267240795
6.012091185140319
6.01873887122937
6.028507033535405
6.029633321923179
-6.043701666884488
-6.058488039087223
-6.090470049432116
-6.112262915093181
6.112385859151452
6.112577636719769
6.117873013063546
-6.125737827710495
6.136432991419671
6.156436403748281
6.166145393622016
6.171106558903956
6.184415977929751
-6.20950265808732
-6.228978112220215
-6.233484187008237
-6.26037456363597
-6.261866434531303
-6.285950882947115
6.28999585143826
6.3117963312614105
6.31369012378557
-6.315741155245064
-6.318340929692625
6.3231883386768395
6.330809215892388
6.334082203904865
-6.334307912406186
-6.3382207702405395
6.341984215975843
-6.3464828166570975
-6.349181999870971
-6.370986271298347
6.3734069542361915
-6.383372537138215
6.383661699288609
6.4004236883576615
6.418203245803631
6.42064827451095
6.457471485410185
-6.461123744795151
-6.469968027104211
-6.479626481072921
-6.507835436801969
6.549405387263371
6.585319102120923
-6.594540985824697
6.630684242030374
-6.656485178635959
6.656773062117057
-6.6621914318169715
-6.702207939110465
6.736609661874974
-6.766730200959438
6.773896590441265
6.777265279455028
6.790354783698987
-6.797159447193497
6.800554679195944
6.813268074817567
6.835053241605107
6.845495087641904
6.8592918351186905
-6.866896016103549
6.872166858318825
-6.879460987765478
6.892216066304096
6.909925076069358
6.911198852179243
-6.944675502008519
6.959545602234079
-6.965973210927443
6.972382900842823
6.975509731953601
-6.984253069142162
-6.988753937014776
6.990442605264862
7.032536216432039
7.041435530849629
-7.053889342473845
7.055219917446947
7.06200263520099
7.066012438237517
-7.066124653058042
7.086372155127303
-7.100586788107705
-7.1053480201392745
7.108705895643087
-7.118734454131076
-7.157107803451192
7.180862613162695
-7.20140728610234
-7.206157456520639
7.210118038841155
7.214407757934356
7.24389183494208
-7.267275274884057
-7.267765655363654
7.279549277189515
-7.281370079841382
7.300903514251882
-7.316072125505048
7.319713950096445
7.3261180447768925
7.336730245932899
-7.364021280026881
7.386784862865321
7.404840600540825
7.412532598668037
7.415580973564272
-7.474680956999116
-7.507975826140406
-7.523015083962708
7.5410015918882705
-7.553880664452411
7.571298199853791
7.585021344715557
7.598495886785343
-7.615378876596466
7.619595970783767
7.649199475625811
7.6618837313094215
7.7001246881437755
-7.703334698236173
7.718549856450106
-7.721254903570175
-7.749204669422525
-7.768306182270532
7.787053394859481
-7.808278030132403
-7.809503448404572
-7.812077715190259
-7.824851614321867
7.8481112619044895
-7.889444285495259
7.893596152934254
7.917865829082941
7.922200465674123
-8.017649333643801
-8.042489821402537
-8.1155211479199
8.131053474105837
-8.155296348715591
-8.171360403256957
8.36953810052979
8.387063925032502
-8.418088895363162
-8.574922911674019
-8.588651656635001
8.596708261347656
8.620451415862515
8.678537344025766
8.695867240240002
-8.717518684435541
8.743845574545693
8.833034118472067
8.871757902399626
-8.8879896431663
8.913213518192585
8.923106934462092
-8.948778411880227
8.972646305051672
8.972649346972876
9.18181583208765
9.182848420774848
9.260898826176565
-9.296532379006617
9.322073715129152
9.348289949069489
-9.376145628803283
-9.41353679507877
-9.435769927675953
9.459122391295281
9.525992667603926
9.549352891638994
9.55971995263916
9.628551265312149
9.744823551023375
9.851757628243838
9.946425157501231
9.952375973536073
-9.998589257113007
